# Differential cross section for O-CO elastic scattering
# Collision energy: 0.083000 eV
# Column 1: Angle (degrees)
# Column 2: Cross section (cm²)
angle_degrees,cross_section_cm2
0.10000,9.0939929869e-12
0.20000,8.8616388131e-12
0.30000,8.4884933918e-12
0.40000,7.9945356626e-12
0.50000,7.4054802484e-12
0.60000,6.7507895426e-12
0.70000,6.0614665053e-12
0.80000,5.3678345784e-12
0.90000,4.6975043722e-12
1.00000,4.0736991458e-12
1.10000,3.5140664933e-12
1.20000,3.0300478409e-12
1.30000,2.6268172285e-12
1.40000,2.3037434192e-12
1.50000,2.0552810117e-12
1.60000,1.8721617839e-12
1.70000,1.7427398721e-12
1.80000,1.6543442560e-12
1.90000,1.5945078758e-12
2.00000,1.5519712657e-12
2.10000,1.5173952697e-12
2.20000,1.4837570963e-12
2.30000,1.4464416528e-12
2.40000,1.4030715422e-12
2.50000,1.3531412837e-12
2.60000,1.2975327257e-12
2.70000,1.2379892611e-12
2.80000,1.1766177200e-12
2.90000,1.1154711039e-12
3.00000,1.0562456372e-12
3.10000,1.0001050403e-12
3.20000,9.4762627769e-13
3.30000,8.9884641820e-13
3.40000,8.5338096092e-13
3.50000,8.1058036731e-13
3.60000,7.6969314330e-13
3.70000,7.3000950036e-13
3.80000,6.9096788289e-13
3.90000,6.5221584866e-13
4.00000,6.1362543457e-13
4.10000,5.7527006979e-13
4.20000,5.3737460163e-13
4.30000,5.0025184777e-13
4.40000,4.6423849338e-13
4.50000,4.2964065903e-13
4.60000,3.9669581675e-13
4.70000,3.6555371742e-13
4.80000,3.3627532280e-13
4.90000,3.0884593777e-13
5.00000,2.8319711176e-13
5.10000,2.5923147766e-13
5.20000,2.3684537015e-13
5.30000,2.1594550987e-13
5.40000,1.9645787628e-13
5.50000,1.7832873937e-13
5.60000,1.6151935694e-13
5.70000,1.4599685227e-13
5.80000,1.3172417014e-13
5.90000,1.1865179173e-13
6.00000,1.0671319193e-13
6.10000,9.5825031367e-14
6.20000,8.5892000904e-14
6.30000,7.6815276238e-14
6.40000,6.8502850662e-14
6.50000,6.0879689542e-14
6.60000,5.3895715312e-14
6.70000,4.7530046643e-14
6.80000,4.1790587151e-14
6.90000,3.6708861750e-14
7.00000,3.2330795751e-14
7.10000,2.8704796220e-14
7.20000,2.5868928521e-14
7.30000,2.3839125248e-14
7.40000,2.2600208266e-14
7.50000,2.2101080881e-14
7.60000,2.2254828031e-14
7.70000,2.2943745282e-14
7.80000,2.4028610907e-14
7.90000,2.5360922441e-14
8.00000,2.6796423112e-14
8.10000,2.8208096472e-14
8.20000,2.9496923242e-14
8.30000,3.0599048264e-14
8.40000,3.1488538577e-14
8.50000,3.2175542942e-14
8.60000,3.2700294117e-14
8.70000,3.3123936753e-14
8.80000,3.3517541374e-14
8.90000,3.3950831705e-14
9.00000,3.4482095214e-14
9.10000,3.5150485996e-14
9.20000,3.5971515471e-14
9.30000,3.6936030396e-14
9.40000,3.8012478333e-14
9.50000,3.9151832087e-14
9.60000,4.0294244915e-14
9.70000,4.1376371246e-14
9.80000,4.2338318929e-14
9.90000,4.3129377446e-14
10.00000,4.3711949322e-14
10.10000,4.4063443973e-14
10.20000,4.4176216616e-14
10.30000,4.4055899601e-14
10.40000,4.3718644579e-14
10.50000,4.3187856236e-14
10.60000,4.2490957077e-14
10.70000,4.1656600347e-14
10.80000,4.0712578590e-14
10.90000,3.9684496306e-14
11.00000,3.8595121304e-14
11.10000,3.7464225550e-14
11.20000,3.6308684800e-14
11.30000,3.5142625154e-14
11.40000,3.3977470211e-14
11.50000,3.2821833297e-14
11.60000,3.1681290981e-14
11.70000,3.0558145216e-14
11.80000,2.9451316943e-14
11.90000,2.8356507935e-14
12.00000,2.7266723740e-14
12.10000,2.6173180177e-14
12.20000,2.5066535398e-14
12.30000,2.3938316472e-14
12.40000,2.2782358972e-14
12.50000,2.1596059715e-14
12.60000,2.0381259782e-14
12.70000,1.9144623305e-14
12.80000,1.7897447731e-14
12.90000,1.6654920835e-14
13.00000,1.5434914910e-14
13.10000,1.4256467910e-14
13.20000,1.3138136586e-14
13.30000,1.2096414691e-14
13.40000,1.1144391152e-14
13.50000,1.0290784074e-14
13.60000,9.5394339169e-15
13.70000,8.8892817347e-15
13.80000,8.3348038235e-15
13.90000,7.8668286677e-15
14.00000,7.4736296665e-15
14.10000,7.1421693680e-15
14.20000,6.8593674635e-15
14.30000,6.6132737585e-15
14.40000,6.3940460993e-15
14.50000,6.1946588094e-15
14.60000,6.0112966705e-15
14.70000,5.8434201568e-15
14.80000,5.6935170716e-15
14.90000,5.5665817730e-15
15.00000,5.4693839496e-15
15.10000,5.4096029270e-15
15.20000,5.3949098344e-15
15.30000,5.4320784259e-15
15.40000,5.5261965952e-15
15.50000,5.6800361610e-15
15.60000,5.8936205175e-15
15.70000,6.1640107893e-15
15.80000,6.4853136046e-15
15.90000,6.8488993421e-15
16.00000,7.2438095754e-15
16.10000,7.6573262004e-15
16.20000,8.0756711560e-15
16.30000,8.4848029047e-15
16.40000,8.8712720848e-15
16.50000,9.2230927573e-15
16.60000,9.5305773630e-15
16.70000,9.7870742303e-15
16.80000,9.9895388604e-15
16.90000,1.0138867749e-14
17.00000,1.0239929668e-14
17.10000,1.0301246666e-14
17.20000,1.0334306374e-14
17.30000,1.0352526684e-14
17.40000,1.0369939528e-14
17.50000,1.0399705619e-14
17.60000,1.0452609393e-14
17.70000,1.0535705242e-14
17.80000,1.0651286839e-14
17.90000,1.0796327743e-14
18.00000,1.0962494535e-14
18.10000,1.1136768118e-14
18.20000,1.1302632995e-14
18.30000,1.1441718921e-14
18.40000,1.1535715671e-14
18.50000,1.1568339821e-14
18.60000,1.1527119518e-14
18.70000,1.1404782030e-14
18.80000,1.1200077223e-14
18.90000,1.0917941494e-14
19.00000,1.0568990636e-14
19.10000,1.0168414588e-14
19.20000,9.7344198040e-15
19.30000,9.2864160572e-15
19.40000,8.8431672396e-15
19.50000,8.4211182075e-15
19.60000,8.0330745482e-15
19.70000,7.6873559977e-15
19.80000,7.3874765410e-15
19.90000,7.1323354883e-15
20.00000,6.9168439044e-15
20.10000,6.7328673346e-15
20.20000,6.5703432855e-15
20.30000,6.4184311475e-15
20.40000,6.2665705705e-15
20.50000,6.1053563993e-15
20.60000,5.9271773466e-15
20.70000,5.7266046131e-15
20.80000,5.5005496201e-15
20.90000,5.2482327534e-15
21.00000,4.9710157240e-15
21.10000,4.6721493894e-15
21.20000,4.3564791568e-15
21.30000,4.0301351544e-15
21.40000,3.7002183914e-15
21.50000,3.3744808824e-15
21.60000,3.0609899243e-15
21.70000,2.7677656757e-15
21.80000,2.5023866817e-15
21.90000,2.2715684642e-15
22.00000,2.0807332793e-15
22.10000,1.9336017156e-15
22.20000,1.8318461826e-15
22.30000,1.7748502883e-15
22.40000,1.7596153214e-15
22.50000,1.7808453032e-15
22.60000,1.8312262235e-15
22.70000,1.9018949239e-15
22.80000,1.9830711349e-15
22.90000,2.0648052580e-15
23.00000,2.1377774347e-15
23.10000,2.1940727217e-15
23.20000,2.2278545558e-15
23.30000,2.2358649721e-15
23.40000,2.2176949861e-15
23.50000,2.1757908095e-15
23.60000,2.1151888080e-15
23.70000,2.0430012354e-15
23.80000,1.9677023203e-15
23.90000,1.8982868028e-15
24.00000,1.8433875971e-15
24.10000,1.8104438837e-15
24.20000,1.8050048576e-15
24.30000,1.8302382245e-15
24.40000,1.8866883368e-15
24.50000,1.9722997222e-15
24.60000,2.0826914727e-15
24.70000,2.2116404748e-15
24.80000,2.3517102782e-15
24.90000,2.4949500699e-15
25.00000,2.6335859669e-15
25.10000,2.7606343849e-15
25.20000,2.8703829295e-15
25.30000,2.9587052934e-15
25.40000,3.0231996600e-15
25.50000,3.0631616675e-15
25.60000,3.0794201445e-15
25.70000,3.0740746376e-15
25.80000,3.0501774311e-15
25.90000,3.0113998204e-15
26.00000,2.9617143748e-15
26.10000,2.9051140618e-15
26.20000,2.8453778511e-15
26.30000,2.7858829872e-15
26.40000,2.7294580555e-15
26.50000,2.6782689358e-15
26.60000,2.6337314361e-15
26.70000,2.5964487384e-15
26.80000,2.5661771367e-15
26.90000,2.5418281385e-15
27.00000,2.5215173138e-15
27.10000,2.5026693421e-15
27.20000,2.4821843097e-15
27.30000,2.4566630244e-15
27.40000,2.4226801633e-15
27.50000,2.3770851044e-15
27.60000,2.3173030373e-15
27.70000,2.2416049065e-15
27.80000,2.1493148930e-15
27.90000,2.0409287798e-15
28.00000,1.9181252441e-15
28.10000,1.7836637647e-15
28.20000,1.6411758867e-15
28.30000,1.4948692400e-15
28.40000,1.3491742696e-15
28.50000,1.2083706671e-15
28.60000,1.0762330988e-15
28.70000,9.5573368336e-16
28.80000,8.4883210288e-16
28.90000,7.5637409799e-16
29.00000,6.7810668146e-16
29.10000,6.1280524137e-16
29.20000,5.5849535967e-16
29.30000,5.1274208482e-16
29.40000,4.7297269599e-16
29.50000,4.3679638715e-16
29.60000,4.0228599035e-16
29.70000,3.6819254181e-16
29.80000,3.3407239351e-16
29.90000,3.0031752827e-16
30.00000,2.6809135246e-16
30.10000,2.3918305558e-16
30.20000,2.1580230480e-16
30.30000,2.0034154680e-16
30.40000,1.9513493067e-16
30.50000,2.0224078392e-16
30.60000,2.2326915324e-16
30.70000,2.5926811763e-16
30.80000,3.1067367249e-16
30.90000,3.7731936908e-16
31.00000,4.5849486543e-16
31.10000,5.5303807374e-16
31.20000,6.5944416204e-16
31.30000,7.7597621425e-16
31.40000,9.0076626641e-16
31.50000,1.0319007009e-15
31.60000,1.1674893707e-15
31.70000,1.3057221560e-15
31.80000,1.4449190057e-15
31.90000,1.5835794499e-15
32.00000,1.7204351660e-15
32.10000,1.8545051046e-15
32.20000,1.9851479613e-15
32.30000,2.1121026583e-15
32.40000,2.2355051448e-15
32.50000,2.3558700644e-15
32.60000,2.4740289930e-15
32.70000,2.5910227191e-15
32.80000,2.7079525324e-15
32.90000,2.8258033907e-15
33.00000,2.9452586307e-15
33.10000,3.0665301764e-15
33.20000,3.1892289378e-15
33.30000,3.3122968534e-15
33.40000,3.4340150760e-15
33.50000,3.5520930733e-15
33.60000,3.6638323773e-15
33.70000,3.7663481021e-15
33.80000,3.8568228735e-15
33.90000,3.9327628312e-15
34.00000,3.9922247053e-15
34.10000,4.0339867189e-15
34.20000,4.0576436237e-15
34.30000,4.0636163469e-15
34.40000,4.0530779162e-15
34.50000,4.0278078579e-15
34.60000,3.9899956316e-15
34.70000,3.9420187516e-15
34.80000,3.8862225501e-15
34.90000,3.8247261184e-15
35.00000,3.7592734835e-15
35.10000,3.6911415794e-15
35.20000,3.6211083287e-15
35.30000,3.5494764078e-15
35.40000,3.4761420825e-15
35.50000,3.4006945571e-15
35.60000,3.3225298729e-15
35.70000,3.2409643670e-15
35.80000,3.1553356006e-15
35.90000,3.0650827692e-15
36.00000,2.9698031310e-15
36.10000,2.8692851797e-15
36.20000,2.7635225472e-15
36.30000,2.6527145601e-15
36.40000,2.5372598649e-15
36.50000,2.4177486627e-15
36.60000,2.2949571656e-15
36.70000,2.1698453162e-15
36.80000,2.0435561138e-15
36.90000,1.9174125482e-15
37.00000,1.7929066127e-15
37.10000,1.6716744538e-15
37.20000,1.5554525965e-15
37.30000,1.4460123272e-15
37.40000,1.3450725136e-15
37.50000,1.2541949719e-15
37.60000,1.1746704303e-15
37.70000,1.1074065255e-15
37.80000,1.0528314852e-15
37.90000,1.0108276594e-15
38.00000,9.8070752401e-16
38.10000,9.6124113635e-16
38.20000,9.5073855187e-16
38.30000,9.4718399517e-16
38.40000,9.4841149609e-16
38.50000,9.5230526468e-16
38.60000,9.5700332275e-16
38.70000,9.6108070076e-16
38.80000,9.6368939694e-16
38.90000,9.6463639326e-16
39.00000,9.6438795087e-16
39.10000,9.6399732647e-16
39.20000,9.6496276293e-16
39.30000,9.6903173437e-16
39.40000,9.7797462286e-16
39.50000,9.9335517617e-16
39.60000,1.0163255828e-15
39.70000,1.0474706933e-15
39.80000,1.0867192842e-15
39.90000,1.1333312738e-15
40.00000,1.1859597998e-15
40.10000,1.2427775084e-15
40.20000,1.3016486733e-15
40.30000,1.3603239144e-15
40.40000,1.4166328959e-15
40.50000,1.4686524995e-15
40.60000,1.5148330622e-15
40.70000,1.5540724042e-15
40.80000,1.5857353434e-15
40.90000,1.6096239296e-15
41.00000,1.6259096288e-15
41.10000,1.6350423642e-15
41.20000,1.6376523142e-15
41.30000,1.6344587907e-15
41.40000,1.6261968890e-15
41.50000,1.6135677165e-15
41.60000,1.5972128240e-15
41.70000,1.5777088914e-15
41.80000,1.5555754890e-15
41.90000,1.5312873000e-15
42.00000,1.5052826306e-15
42.10000,1.4779621399e-15
42.20000,1.4496749719e-15
42.30000,1.4206932073e-15
42.40000,1.3911790519e-15
42.50000,1.3611518025e-15
42.60000,1.3304629147e-15
42.70000,1.2987872018e-15
42.80000,1.2656363715e-15
42.90000,1.2303980210e-15
43.00000,1.1923993474e-15
43.10000,1.1509907856e-15
43.20000,1.1056411717e-15
43.30000,1.0560334220e-15
43.40000,1.0021485302e-15
43.50000,9.4432614946e-16
43.60000,8.8329214128e-16
43.70000,8.2014701236e-16
43.80000,7.5631368899e-16
43.90000,6.9344802925e-16
44.00000,6.3332018924e-16
44.10000,5.7767881146e-16
44.20000,5.2811245213e-16
44.30000,4.8592335110e-16
44.40000,4.5202744215e-16
44.50000,4.2689152933e-16
44.60000,4.1051418784e-16
44.70000,4.0245175520e-16
44.80000,4.0188545358e-16
44.90000,4.0772094190e-16
45.00000,4.1870807142e-16
45.10000,4.3356676956e-16
45.20000,4.5110501458e-16
45.30000,4.7031672158e-16
45.40000,4.9045070305e-16
45.50000,5.1104614901e-16
45.60000,5.3193462091e-16
45.70000,5.5321268893e-16
45.80000,5.7519247610e-16
45.90000,5.9833911122e-16
46.00000,6.2320428870e-16
46.10000,6.5036390589e-16
46.20000,6.8036544801e-16
46.30000,7.1368792891e-16
46.40000,7.5071434659e-16
46.50000,7.9171430698e-16
46.60000,8.3683310079e-16
46.70000,8.8608327407e-16
46.80000,9.3933557289e-16
46.90000,9.9630781080e-16
47.00000,1.0565522941e-15
47.10000,1.1194444612e-15
47.20000,1.1841768852e-15
47.30000,1.2497634040e-15
47.40000,1.3150576952e-15
47.50000,1.3787891318e-15
47.60000,1.4396164568e-15
47.70000,1.4961970716e-15
47.80000,1.5472670050e-15
47.90000,1.5917243752e-15
48.00000,1.6287077649e-15
48.10000,1.6576606578e-15
48.20000,1.6783740057e-15
48.30000,1.6910010221e-15
48.40000,1.6960411646e-15
48.50000,1.6942936137e-15
48.60000,1.6867839465e-15
48.70000,1.6746707177e-15
48.80000,1.6591409370e-15
48.90000,1.6413047014e-15
49.00000,1.6220993719e-15
49.10000,1.6022126762e-15
49.20000,1.5820321003e-15
49.30000,1.5616251404e-15
49.40000,1.5407517399e-15
49.50000,1.5189068904e-15
49.60000,1.4953883030e-15
49.70000,1.4693815802e-15
49.80000,1.4400537173e-15
49.90000,1.4066452007e-15
50.00000,1.3685515004e-15
50.10000,1.3253863109e-15
50.20000,1.2770212727e-15
50.30000,1.2235998085e-15
50.40000,1.1655257636e-15
50.50000,1.1034303565e-15
50.60000,1.0381231517e-15
50.70000,9.7053409640e-16
50.80000,9.0165395228e-16
50.90000,8.3247971097e-16
51.00000,7.6396996903e-16
51.10000,6.9701304300e-16
51.20000,6.3240821500e-16
51.30000,5.7085831782e-16
51.40000,5.1297025708e-16
51.50000,4.5925928158e-16
51.60000,4.1015294958e-16
51.70000,3.6599172746e-16
51.80000,3.2702476852e-16
51.90000,2.9340130733e-16
52.00000,2.6515987381e-16
52.10000,2.4221881105e-16
52.20000,2.2437209596e-16
52.30000,2.1129408722e-16
52.40000,2.0255560877e-16
52.50000,1.9765193179e-16
52.60000,1.9604108299e-16
52.70000,1.9718887960e-16
52.80000,2.0061555615e-16
52.90000,2.0593810103e-16
53.00000,2.1290261488e-16
53.10000,2.2140212311e-16
53.20000,2.3147713999e-16
53.30000,2.4329858276e-16
53.40000,2.5713499348e-16
53.50000,2.7330806511e-16
53.60000,2.9214187907e-16
53.70000,3.1391185328e-16
53.80000,3.3879913074e-16
53.90000,3.6685511085e-16
54.00000,3.9797925720e-16
54.10000,4.3191149257e-16
54.20000,4.6823871198e-16
54.30000,5.0641346259e-16
54.40000,5.4578182661e-16
54.50000,5.8561706762e-16
54.60000,6.2515562979e-16
54.70000,6.6363249857e-16
54.80000,7.0031358511e-16
54.90000,7.3452352041e-16
55.00000,7.6566790672e-16
55.10000,7.9324959194e-16
55.20000,8.1687888507e-16
55.30000,8.3627784978e-16
55.40000,8.5127895825e-16
55.50000,8.6181852996e-16
55.60000,8.6792556882e-16
55.70000,8.6970686504e-16
55.80000,8.6732952185e-16
55.90000,8.6100234516e-16
56.00000,8.5095772372e-16
56.10000,8.3743565901e-16
56.20000,8.2067143326e-16
56.30000,8.0088802593e-16
56.40000,7.7829384127e-16
56.50000,7.5308566866e-16
56.60000,7.2545616104e-16
56.70000,6.9560458544e-16
56.80000,6.6374925359e-16
56.90000,6.3013992548e-16
57.00000,5.9506859689e-16
57.10000,5.5887739413e-16
57.20000,5.2196273601e-16
57.30000,4.8477540322e-16
57.40000,4.4781659972e-16
57.50000,4.1163044544e-16
57.60000,3.7679357603e-16
57.70000,3.4390264847e-16
57.80000,3.1356058824e-16
57.90000,2.8636240138e-16
58.00000,2.6288134855e-16
58.10000,2.4365625585e-16
58.20000,2.2918071798e-16
58.30000,2.1989490949e-16
58.40000,2.1618062747e-16
58.50000,2.1836001065e-16
58.60000,2.2669809984e-16
58.70000,2.4140903061e-16
58.80000,2.6266522147e-16
58.90000,2.9060850283e-16
59.00000,3.2536180265e-16
59.10000,3.6703983841e-16
59.20000,4.1575731364e-16
59.30000,4.7163339658e-16
59.40000,5.3479173789e-16
59.50000,6.0535589203e-16
59.60000,6.8344063931e-16
59.70000,7.6914025130e-16
59.80000,8.6251509996e-16
59.90000,9.6357811908e-16
60.00000,1.0722824696e-15
60.10000,1.1885113807e-15
60.20000,1.3120706252e-15
60.30000,1.4426835558e-15
60.40000,1.5799882006e-15
60.50000,1.7235356950e-15
60.60000,1.8727893492e-15
60.70000,2.0271239348e-15
60.80000,2.1858252272e-15
60.90000,2.3480903791e-15
61.00000,2.5130301630e-15
61.10000,2.6796744033e-15
61.20000,2.8469819045e-15
61.30000,3.0138558459e-15
61.40000,3.1791649796e-15
61.50000,3.3417701173e-15
61.60000,3.5005544862e-15
61.70000,3.6544557100e-15
61.80000,3.8024966024e-15
61.90000,3.9438117559e-15
62.00000,4.0776671251e-15
62.10000,4.2034704317e-15
62.20000,4.3207711741e-15
62.30000,4.4292501711e-15
62.40000,4.5286997465e-15
62.50000,4.6189966972e-15
62.60000,4.7000709453e-15
62.70000,4.7718731560e-15
62.80000,4.8343445831e-15
62.90000,4.8873919973e-15
63.00000,4.9308698530e-15
63.10000,4.9645709584e-15
63.20000,4.9882259731e-15
63.30000,5.0015111835e-15
63.40000,5.0040633034e-15
63.50000,4.9954995783e-15
63.60000,4.9754412603e-15
63.70000,4.9435385607e-15
63.80000,4.8994954113e-15
63.90000,4.8430927379e-15
64.00000,4.7742093551e-15
64.10000,4.6928399918e-15
64.20000,4.5991102586e-15
64.30000,4.4932885493e-15
64.40000,4.3757948982e-15
64.50000,4.2472067070e-15
64.60000,4.1082610455e-15
64.70000,3.9598529694e-15
64.80000,3.8030290680e-15
64.90000,3.6389753236e-15
65.00000,3.4689984073e-15
65.10000,3.2944998055e-15
65.20000,3.1169426803e-15
65.30000,2.9378120983e-15
65.40000,2.7585701432e-15
65.50000,2.5806083514e-15
65.60000,2.4052007361e-15
65.70000,2.2334612422e-15
65.80000,2.0663096699e-15
65.90000,1.9044498169e-15
66.00000,1.7483627847e-15
66.10000,1.5983171149e-15
66.20000,1.4543957864e-15
66.30000,1.3165382973e-15
66.40000,1.1845943177e-15
66.50000,1.0583839646e-15
66.60000,9.3775883961e-16
66.70000,8.2265773337e-16
66.80000,7.1315139413e-16
66.90000,6.0947193629e-16
67.00000,5.1202417914e-16
67.10000,4.2137822291e-16
67.20000,3.3824461597e-16
67.30000,2.6343526346e-16
67.40000,1.9781454018e-16
67.50000,1.4224574387e-16
67.60000,9.7538007592e-17
67.70000,6.4398138185e-17
67.80000,4.3390714602e-17
67.90000,3.4908380759e-17
68.00000,3.9152845915e-17
68.10000,5.6125885275e-17
68.20000,8.5628783821e-17
68.30000,1.2726827493e-16
68.40000,1.8046708840e-16
68.50000,2.4447765218e-16
68.60000,3.1839813879e-16
68.70000,4.0119073217e-16
68.80000,4.9170254047e-16
68.90000,5.8868986248e-16
69.00000,6.9084645775e-16
69.10000,7.9683607543e-16
69.20000,9.0532883478e-16
69.30000,1.0150402446e-15
69.40000,1.1247708515e-15
69.50000,1.2334438699e-15
69.60000,1.3401377972e-15
69.70000,1.4441110314e-15
69.80000,1.5448159179e-15
69.90000,1.6419004088e-15
70.00000,1.7351965545e-15
70.10000,1.8246962263e-15
70.20000,1.9105156720e-15
70.30000,1.9928515819e-15
70.40000,2.0719321849e-15
70.50000,2.1479674072e-15
70.60000,2.2211022574e-15
70.70000,2.2913773418e-15
70.80000,2.3586997813e-15
70.90000,2.4228268654e-15
71.00000,2.4833636226e-15
71.10000,2.5397742315e-15
71.20000,2.5914059655e-15
71.30000,2.6375232804e-15
71.40000,2.6773488452e-15
71.50000,2.7101078547e-15
71.60000,2.7350719129e-15
71.70000,2.7515991269e-15
71.80000,2.7591677561e-15
71.90000,2.7574017168e-15
72.00000,2.7460873075e-15
72.10000,2.7251815333e-15
72.20000,2.6948132240e-15
72.30000,2.6552786269e-15
72.40000,2.6070332602e-15
72.50000,2.5506815222e-15
72.60000,2.4869649571e-15
72.70000,2.4167493036e-15
72.80000,2.3410096867e-15
72.90000,2.2608127287e-15
73.00000,2.1772941248e-15
73.10000,2.0916304349e-15
73.20000,2.0050045109e-15
73.30000,1.9185650252e-15
73.40000,1.8333818309e-15
73.50000,1.7504001433e-15
73.60000,1.6703975526e-15
73.70000,1.5939484240e-15
73.80000,1.5214001731e-15
73.90000,1.4528651457e-15
74.00000,1.3882304472e-15
74.10000,1.3271862016e-15
74.20000,1.2692706388e-15
74.30000,1.2139283850e-15
74.40000,1.1605766754e-15
74.50000,1.1086731572e-15
74.60000,1.0577786691e-15
74.70000,1.0076089088e-15
74.80000,9.5807016724e-16
74.90000,9.0927612363e-16
75.00000,8.6154481381e-16
75.10000,8.1537700374e-16
75.20000,7.7141904926e-16
75.30000,7.3041467468e-16
75.40000,6.9315081832e-16
75.50000,6.6040273630e-16
75.60000,6.3288298810e-16
75.70000,6.1119789387e-16
75.80000,5.9581375077e-16
75.90000,5.8703373953e-16
76.00000,5.8498523974e-16
76.10000,5.8961635542e-16
76.20000,6.0069991690e-16
76.30000,6.1784308647e-16
76.40000,6.4050090163e-16
76.50000,6.6799254008e-16
76.60000,6.9951965345e-16
76.70000,7.3418665613e-16
76.80000,7.7102325345e-16
76.90000,8.0900966555e-16
77.00000,8.4710491177e-16
77.10000,8.8427817542e-16
77.20000,9.1954272706e-16
77.30000,9.5199123402e-16
77.40000,9.8083063901e-16
77.50000,1.0054142650e-15
77.60000,1.0252685035e-15
77.70000,1.0401114463e-15
77.80000,1.0498611669e-15
77.90000,1.0546320406e-15
78.00000,1.0547184638e-15
78.10000,1.0505664867e-15
78.20000,1.0427350922e-15
78.30000,1.0318499770e-15
78.40000,1.0185535779e-15
78.50000,1.0034556070e-15
78.60000,9.8708842548e-16
78.70000,9.6987116956e-16
78.80000,9.5208567312e-16
78.90000,9.3386600503e-16
79.00000,9.1520200790e-16
79.10000,8.9595576524e-16
79.20000,8.7588862980e-16
79.30000,8.5469548432e-16
79.40000,8.3204239939e-16
79.50000,8.0760385752e-16
79.60000,7.8109620550e-16
79.70000,7.5230488384e-16
79.80000,7.2110410823e-16
79.90000,6.8746885502e-16
80.00000,6.5148004023e-16
80.10000,6.1332451855e-16
80.20000,5.7329185975e-16
80.30000,5.3176975462e-16
80.40000,4.8923940816e-16
80.50000,4.4627151097e-16
80.60000,4.0352250559e-16
80.70000,3.6173006458e-16
80.80000,3.2170614145e-16
80.90000,2.8432576526e-16
81.00000,2.5050998510e-16
81.10000,2.2120200958e-16
81.20000,1.9733653949e-16
81.30000,1.7980340640e-16
81.40000,1.6940772641e-16
81.50000,1.6682967232e-16
81.60000,1.7258750368e-16
81.70000,1.8700757198e-16
81.80000,2.1020460385e-16
81.90000,2.4207469932e-16
82.00000,2.8230227142e-16
82.10000,3.3038075219e-16
82.20000,3.8564547962e-16
82.30000,4.4731593816e-16
82.40000,5.1454360650e-16
82.50000,5.8646117604e-16
82.60000,6.6222889102e-16
82.70000,7.4107421360e-16
82.80000,8.2232186082e-16
82.90000,9.0541238095e-16
83.00000,9.8990868619e-16
83.10000,1.0754911837e-15
83.20000,1.1619432034e-15
83.30000,1.2491291927e-15
83.40000,1.3369685640e-15
83.50000,1.4254081140e-15
83.60000,1.5143956139e-15
83.70000,1.6038565690e-15
83.80000,1.6936753751e-15
83.90000,1.7836812830e-15
84.00000,1.8736388558e-15
84.10000,1.9632420712e-15
84.20000,2.0521109674e-15
84.30000,2.1397897799e-15
84.40000,2.2257458418e-15
84.50000,2.3093690609e-15
84.60000,2.3899724060e-15
84.70000,2.4667944263e-15
84.80000,2.5390052238e-15
84.90000,2.6057174238e-15
85.00000,2.6660034513e-15
85.10000,2.7189198363e-15
85.20000,2.7635383976e-15
85.30000,2.7989831085e-15
85.40000,2.8244704024e-15
85.50000,2.8393497978e-15
85.60000,2.8431411854e-15
85.70000,2.8355650364e-15
85.80000,2.8165622154e-15
85.90000,2.7863009872e-15
86.00000,2.7451700928e-15
86.10000,2.6937582530e-15
86.20000,2.6328219501e-15
86.30000,2.5632446102e-15
86.40000,2.4859911872e-15
86.50000,2.4020625054e-15
86.60000,2.3124535191e-15
86.70000,2.2181189162e-15
86.80000,2.1199483793e-15
86.90000,2.0187524708e-15
87.00000,1.9152587573e-15
87.10000,1.8101166141e-15
87.20000,1.7039083250e-15
87.30000,1.5971636945e-15
87.40000,1.4903754569e-15
87.50000,1.3840132291e-15
87.60000,1.2785345000e-15
87.70000,1.1743920303e-15
87.80000,1.0720378802e-15
87.90000,9.7192495342e-16
88.00000,8.7450733803e-16
88.10000,7.8024078926e-16
88.20000,6.8958446067e-16
88.30000,6.0300450089e-16
88.40000,5.2097950853e-16
88.50000,4.4400719390e-16
88.60000,3.7261105226e-16
88.70000,3.0734550444e-16
88.80000,2.4879786588e-16
88.90000,1.9758568177e-16
89.00000,1.5434838870e-16
89.10000,1.1973287331e-16
89.20000,9.4373212221e-17
89.30000,7.8865599868e-17
89.40000,7.3740110898e-17
89.50000,7.9431420280e-17
89.60000,9.6250860227e-17
89.70000,1.2436219632e-16
89.80000,1.6376325318e-16
89.90000,2.1427503820e-16
90.00000,2.7553935070e-16
90.10000,3.4702509496e-16
90.20000,4.2804272274e-16
90.30000,5.1776550372e-16
90.40000,6.1525574531e-16
90.50000,7.1949372411e-16
90.60000,8.2940699590e-16
90.70000,9.4389792839e-16
90.80000,1.0618677281e-15
90.90000,1.1822358470e-15
91.00000,1.3039543680e-15
91.10000,1.4260176724e-15
91.20000,1.5474682805e-15
91.30000,1.6674001368e-15
91.40000,1.7849607213e-15
91.50000,1.8993532023e-15
91.60000,2.0098394248e-15
91.70000,2.1157439521e-15
91.80000,2.2164587380e-15
91.90000,2.3114474562e-15
92.00000,2.4002481480e-15
92.10000,2.4824727796e-15
92.20000,2.5578025454e-15
92.30000,2.6259783090e-15
92.40000,2.6867863449e-15
92.50000,2.7400404155e-15
92.60000,2.7855620323e-15
92.70000,2.8231613504e-15
92.80000,2.8526214179e-15
92.90000,2.8736883627e-15
93.00000,2.8860695527e-15
93.10000,2.8894408657e-15
93.20000,2.8834630870e-15
93.30000,2.8678062667e-15
93.40000,2.8421798093e-15
93.50000,2.8063652808e-15
93.60000,2.7602485306e-15
93.70000,2.7038477897e-15
93.80000,2.6373349053e-15
93.90000,2.5610477248e-15
94.00000,2.4754927160e-15
94.10000,2.3813380385e-15
94.20000,2.2793983053e-15
94.30000,2.1706130522e-15
94.40000,2.0560213729e-15
94.50000,1.9367352488e-15
94.60000,1.8139138207e-15
94.70000,1.6887403059e-15
94.80000,1.5624025524e-15
94.90000,1.4360774834e-15
95.00000,1.3109190322e-15
95.10000,1.1880486968e-15
95.20000,1.0685476113e-15
95.30000,9.5344905284e-16
95.40000,8.4373054395e-16
95.50000,7.4030511832e-16
95.60000,6.4401179756e-16
95.70000,5.5560579751e-16
95.80000,4.7574935642e-16
95.90000,4.0500429242e-16
96.00000,3.4382741797e-16
96.10000,2.9256975760e-16
96.20000,2.5148015771e-16
96.30000,2.2071339184e-16
96.40000,2.0034231944e-16
96.50000,1.9037312691e-16
96.60000,1.9076224086e-16
96.70000,2.0143321973e-16
96.80000,2.2229184634e-16
96.90000,2.5323777947e-16
97.00000,2.9417147031e-16
97.10000,3.4499557013e-16
97.20000,4.0561068867e-16
97.30000,4.7590602685e-16
97.40000,5.5574601638e-16
97.50000,6.4495456850e-16
97.60000,7.4329879947e-16
97.70000,8.5047412142e-16
97.80000,9.6609236023e-16
97.90000,1.0896741197e-15
98.00000,1.2206460194e-15
98.10000,1.3583427816e-15
98.20000,1.5020135318e-15
98.30000,1.6508312021e-15
98.40000,1.8039036612e-15
98.50000,1.9602851730e-15
98.60000,2.1189870151e-15
98.70000,2.2789865098e-15
98.80000,2.4392342662e-15
98.90000,2.5986599940e-15
99.00000,2.7561777209e-15
99.10000,2.9106915447e-15
99.20000,3.0611031029e-15
99.30000,3.2063217500e-15
99.40000,3.3452779999e-15
99.50000,3.4769402098e-15
99.60000,3.6003338365e-15
99.70000,3.7145620001e-15
99.80000,3.8188256544e-15
99.90000,3.9124414555e-15
100.00000,3.9948554943e-15
100.10000,4.0656513983e-15
100.20000,4.1245518777e-15
100.30000,4.1714134999e-15
100.40000,4.2062152270e-15
100.50000,4.2290419323e-15
100.60000,4.2400646321e-15
100.70000,4.2395194595e-15
100.80000,4.2276874400e-15
100.90000,4.2048769015e-15
101.00000,4.1714099230e-15
101.10000,4.1276136474e-15
101.20000,4.0738166554e-15
101.30000,4.0103499894e-15
101.40000,3.9375519198e-15
101.50000,3.8557752026e-15
101.60000,3.7653954288e-15
101.70000,3.6668191072e-15
101.80000,3.5604903381e-15
101.90000,3.4468952777e-15
102.00000,3.3265640106e-15
102.10000,3.2000698729e-15
102.20000,3.0680266506e-15
102.30000,2.9310843519e-15
102.40000,2.7899243983e-15
102.50000,2.6452550642e-15
102.60000,2.4978078377e-15
102.70000,2.3483350897e-15
102.80000,2.1976090765e-15
102.90000,2.0464219176e-15
103.00000,1.8955858487e-15
103.10000,1.7459328116e-15
103.20000,1.5983123595e-15
103.30000,1.4535869454e-15
103.40000,1.3126239398e-15
103.50000,1.1762841405e-15
103.60000,1.0454070594e-15
103.70000,9.2079379702e-16
103.80000,8.0318878142e-16
103.90000,6.9326195738e-16
104.00000,5.9159311409e-16
104.10000,4.9865989840e-16
104.20000,4.1483069015e-16
104.30000,3.4036296102e-16
104.40000,2.7540708123e-16
104.50000,2.2001488089e-16
104.60000,1.7415171778e-16
104.70000,1.3771044263e-16
104.80000,1.1052554287e-16
104.90000,9.2385902878e-17
105.00000,8.3045013071e-17
105.10000,8.2228019191e-17
105.20000,8.9635627255e-17
105.30000,1.0494545701e-16
105.40000,1.2781186586e-16
105.50000,1.5786547198e-16
105.60000,1.9471355779e-16
105.70000,2.3794224771e-16
105.80000,2.8712088684e-16
105.90000,3.4180849186e-16
106.00000,4.0156160926e-16
106.10000,4.6594250258e-16
106.20000,5.3452637817e-16
106.30000,6.0690638993e-16
106.40000,6.8269543419e-16
106.50000,7.6152420890e-16
106.60000,8.4303558723e-16
106.70000,9.2687594433e-16
106.80000,1.0126845785e-15
106.90000,1.1000827023e-15
107.00000,1.1886635936e-15
107.10000,1.2779853756e-15
107.20000,1.3675675700e-15
107.30000,1.4568920850e-15
107.40000,1.5454087472e-15
107.50000,1.6325449405e-15
107.60000,1.7177184510e-15
107.70000,1.8003522980e-15
107.80000,1.8798901750e-15
107.90000,1.9558111508e-15
108.00000,2.0276424566e-15
108.10000,2.0949694717e-15
108.20000,2.1574423846e-15
108.30000,2.2147793746e-15
108.40000,2.2667665130e-15
108.50000,2.3132548642e-15
108.60000,2.3541554767e-15
108.70000,2.3894330558e-15
108.80000,2.4190991254e-15
108.90000,2.4432054080e-15
109.00000,2.4618379954e-15
109.10000,2.4751126778e-15
109.20000,2.4831715522e-15
109.30000,2.4861807896e-15
109.40000,2.4843292179e-15
109.50000,2.4778272224e-15
109.60000,2.4669053824e-15
109.70000,2.4518122910e-15
109.80000,2.4328111324e-15
109.90000,2.4101748121e-15
110.00000,2.3841797222e-15
110.10000,2.3550985269e-15
110.20000,2.3231926259e-15
110.30000,2.2887051426e-15
110.40000,2.2518553430e-15
110.50000,2.2128353014e-15
110.60000,2.1718093946e-15
110.70000,2.1289168416e-15
110.80000,2.0842770887e-15
110.90000,2.0379974130e-15
111.00000,1.9901817725e-15
111.10000,1.9409397254e-15
111.20000,1.8903942171e-15
111.30000,1.8386871980e-15
111.40000,1.7859823763e-15
111.50000,1.7324648572e-15
111.60000,1.6783379085e-15
111.70000,1.6238175318e-15
111.80000,1.5691258285e-15
111.90000,1.5144842844e-15
112.00000,1.4601080184e-15
112.10000,1.4062017835e-15
112.20000,1.3529581026e-15
112.30000,1.3005574633e-15
112.40000,1.2491700555e-15
112.50000,1.1989582075e-15
112.60000,1.1500785150e-15
112.70000,1.1026827027e-15
112.80000,1.0569164862e-15
112.90000,1.0129160957e-15
113.00000,9.7080258135e-16
113.10000,9.3067449049e-16
113.20000,8.9259988078e-16
113.30000,8.5660886037e-16
113.40000,8.2268787975e-16
113.50000,7.9077683610e-16
113.60000,7.6076971665e-16
113.70000,7.3251905813e-16
113.80000,7.0584400520e-16
113.90000,6.8054128764e-16
114.00000,6.5639807172e-16
114.10000,6.3320542248e-16
114.20000,6.1077106627e-16
114.30000,5.8893026164e-16
114.40000,5.6755384741e-16
114.50000,5.4655289295e-16
114.60000,5.2587977600e-16
114.70000,5.0552590197e-16
114.80000,4.8551660936e-16
114.90000,4.6590404288e-16
115.00000,4.4675889980e-16
115.10000,4.2816196207e-16
115.20000,4.1019622716e-16
115.30000,3.9294026689e-16
115.40000,3.7646320530e-16
115.50000,3.6082144796e-16
115.60000,3.4605704970e-16
115.70000,3.3219740705e-16
115.80000,3.1925582841e-16
115.90000,3.0723248637e-16
116.00000,2.9611529464e-16
116.10000,2.8588037024e-16
116.20000,2.7649191968e-16
116.30000,2.6790159673e-16
116.40000,2.6004758241e-16
116.50000,2.5285379936e-16
116.60000,2.4622975925e-16
116.70000,2.4007153225e-16
116.80000,2.3426421527e-16
116.90000,2.2868607214e-16
117.00000,2.2321425287e-16
117.10000,2.1773171377e-16
117.20000,2.1213470500e-16
117.30000,2.0634001526e-16
117.40000,2.0029110340e-16
117.50000,1.9396232258e-16
117.60000,1.8736065140e-16
117.70000,1.8052466090e-16
117.80000,1.7352081917e-16
117.90000,1.6643760660e-16
118.00000,1.5937822344e-16
118.10000,1.5245286319e-16
118.20000,1.4577156839e-16
118.30000,1.3943856913e-16
118.40000,1.3354874891e-16
118.50000,1.2818653038e-16
118.60000,1.2342708316e-16
118.70000,1.1933939436e-16
118.80000,1.1599046776e-16
118.90000,1.1344977370e-16
119.00000,1.1179307873e-16
119.10000,1.1110493448e-16
119.20000,1.1147936912e-16
119.30000,1.1301865340e-16
119.40000,1.1583034912e-16
119.50000,1.2002313646e-16
119.60000,1.2570211316e-16
119.70000,1.3296433762e-16
119.80000,1.4189534414e-16
119.90000,1.5256720609e-16
120.00000,1.6503849293e-16
120.10000,1.7935619797e-16
120.20000,1.9555944732e-16
120.30000,2.1368457131e-16
120.40000,2.3377095534e-16
120.50000,2.5586700048e-16
120.60000,2.8003551789e-16
120.70000,3.0635794846e-16
120.80000,3.3493692401e-16
120.90000,3.6589685303e-16
121.00000,3.9938240209e-16
121.10000,4.3555493646e-16
121.20000,4.7458716353e-16
121.30000,5.1665637485e-16
121.40000,5.6193679479e-16
121.50000,6.1059160380e-16
121.60000,6.6276520547e-16
121.70000,7.1857624606e-16
121.80000,7.7811177774e-16
121.90000,8.4142279556e-16
122.00000,9.0852119346e-16
122.10000,9.7937800458e-16
122.20000,1.0539226441e-15
122.30000,1.1320427872e-15
122.40000,1.2135845059e-15
122.50000,1.2983523673e-15
122.60000,1.3861093407e-15
122.70000,1.4765765595e-15
122.80000,1.5694331798e-15
122.90000,1.6643167442e-15
123.00000,1.7608245397e-15
123.10000,1.8585164159e-15
123.20000,1.9569193895e-15
123.30000,2.0555341188e-15
123.40000,2.1538430261e-15
123.50000,2.2513195320e-15
123.60000,2.3474376000e-15
123.70000,2.4416806374e-15
123.80000,2.5335487930e-15
123.90000,2.6225638511e-15
124.00000,2.7082712290e-15
124.10000,2.7902389963e-15
124.20000,2.8680542828e-15
124.30000,2.9413178485e-15
124.40000,3.0096378868e-15
124.50000,3.0726242607e-15
124.60000,3.1298843091e-15
124.70000,3.1810211188e-15
124.80000,3.2256347684e-15
124.90000,3.2633265957e-15
125.00000,3.2937060857e-15
125.10000,3.3163996080e-15
125.20000,3.3310600092e-15
125.30000,3.3373760141e-15
125.40000,3.3350805230e-15
125.50000,3.3239571583e-15
125.60000,3.3038447749e-15
125.70000,3.2746400175e-15
125.80000,3.2362983323e-15
125.90000,3.1888340438e-15
126.00000,3.1323201865e-15
126.10000,3.0668887021e-15
126.20000,2.9927314302e-15
126.30000,2.9101020563e-15
126.40000,2.8193189029e-15
126.50000,2.7207682073e-15
126.60000,2.6149073679e-15
126.70000,2.5022675762e-15
126.80000,2.3834552968e-15
126.90000,2.2591521809e-15
127.00000,2.1301131805e-15
127.10000,1.9971628260e-15
127.20000,1.8611898032e-15
127.30000,1.7231400971e-15
127.40000,1.5840090396e-15
127.50000,1.4448326136e-15
127.60000,1.3066783322e-15
127.70000,1.1706359551e-15
127.80000,1.0378082327e-15
127.90000,9.0930180945e-16
128.00000,7.8621836446e-16
128.10000,6.6964603296e-16
128.20000,5.6065112400e-16
128.30000,4.6027012467e-16
128.40000,3.6950195420e-16
128.50000,2.8930040345e-16
128.60000,2.2056667199e-16
128.70000,1.6414190651e-16
128.80000,1.2079966209e-16
128.90000,9.1238259280e-17
129.00000,7.6073095017e-17
129.10000,7.5829075721e-17
129.20000,9.0933456435e-17
129.30000,1.2170946570e-16
129.40000,1.6837114461e-16
129.50000,2.3101980850e-16
129.60000,3.0964244015e-16
129.70000,4.0411214977e-16
129.80000,5.1419061145e-16
129.90000,6.3953214369e-16
130.00000,7.7968888861e-16
130.10000,9.3411640267e-16
130.20000,1.1021789366e-15
130.30000,1.2831537679e-15
130.40000,1.4762341525e-15
130.50000,1.6805307489e-15
130.60000,1.8950717009e-15
130.70000,2.1188018707e-15
130.80000,2.3505819591e-15
130.90000,2.5891883661e-15
131.00000,2.8333146289e-15
131.10000,3.0815751167e-15
131.20000,3.3325113932e-15
131.30000,3.5846013282e-15
131.40000,3.8362707054e-15
131.50000,4.0859067928e-15
131.60000,4.3318731637e-15
131.70000,4.5725250021e-15
131.80000,4.8062242089e-15
131.90000,5.0313537999e-15
132.00000,5.2463313414e-15
132.10000,5.4496214228e-15
132.20000,5.6397473871e-15
132.30000,5.8153026776e-15
132.40000,5.9749621930e-15
132.50000,6.1174939707e-15
132.60000,6.2417713602e-15
132.70000,6.3467856356e-15
132.80000,6.4316587779e-15
132.90000,6.4956559711e-15
133.00000,6.5381972364e-15
133.10000,6.5588675979e-15
133.20000,6.5574252299e-15
133.30000,6.5338071696e-15
133.40000,6.4881323645e-15
133.50000,6.4207020283e-15
133.60000,6.3319974681e-15
133.70000,6.2226757050e-15
133.80000,6.0935633025e-15
133.90000,5.9456488587e-15
134.00000,5.7800745919e-15
134.10000,5.5981273802e-15
134.20000,5.4012295105e-15
134.30000,5.1909292750e-15
134.40000,4.9688914283e-15
134.50000,4.7368874144e-15
134.60000,4.4967851894e-15
134.70000,4.2505384110e-15
134.80000,4.0001747588e-15
134.90000,3.7477831690e-15
135.00000,3.4954998407e-15
135.10000,3.2454929709e-15
135.20000,2.9999463040e-15
135.30000,2.7610417254e-15
135.40000,2.5309412581e-15
135.50000,2.3117689315e-15
135.60000,2.1055930413e-15
135.70000,1.9144093153e-15
135.80000,1.7401254174e-15
135.90000,1.5845470755e-15
136.00000,1.4493659284e-15
136.10000,1.3361489694e-15
136.20000,1.2463292710e-15
136.30000,1.1811975285e-15
136.40000,1.1418938998e-15
136.50000,1.1293996562e-15
136.60000,1.1445282948e-15
136.70000,1.1879159802e-15
136.80000,1.2600114486e-15
136.90000,1.3610657682e-15
137.00000,1.4911225694e-15
137.10000,1.6500094924e-15
137.20000,1.8373316149e-15
137.30000,2.0524675346e-15
137.40000,2.2945685770e-15
137.50000,2.5625613443e-15
137.60000,2.8551535328e-15
137.70000,3.1708426986e-15
137.80000,3.5079274675e-15
137.90000,3.8645205994e-15
138.00000,4.2385633417e-15
138.10000,4.6278406165e-15
138.20000,5.0299967602e-15
138.30000,5.4425517262e-15
138.40000,5.8629178333e-15
138.50000,6.2884172534e-15
138.60000,6.7163004691e-15
138.70000,7.1437658829e-15
138.80000,7.5679806470e-15
138.90000,7.9861026290e-15
139.00000,8.3953032678e-15
139.10000,8.7927909386e-15
139.20000,9.1758343637e-15
139.30000,9.5417855821e-15
139.40000,9.8881020264e-15
139.50000,1.0212367338e-14
139.60000,1.0512310661e-14
139.70000,1.0785824242e-14
139.80000,1.1030979285e-14
139.90000,1.1246040017e-14
140.00000,1.1429475994e-14
140.10000,1.1579972646e-14
140.20000,1.1696440081e-14
140.30000,1.1778020151e-14
140.40000,1.1824091801e-14
140.50000,1.1834274751e-14
140.60000,1.1808431609e-14
140.70000,1.1746668508e-14
140.80000,1.1649334416e-14
140.90000,1.1517019203e-14
141.00000,1.1350550518e-14
141.10000,1.1150989436e-14
141.20000,1.0919624714e-14
141.30000,1.0657965451e-14
141.40000,1.0367731852e-14
141.50000,1.0050843858e-14
141.60000,9.7094074551e-15
141.70000,9.3456986586e-15
141.80000,8.9621453508e-15
141.90000,8.5613073595e-15
142.00000,8.1458553413e-15
142.10000,7.7185491258e-15
142.20000,7.2822161750e-15
142.30000,6.8397307002e-15
142.40000,6.3939937694e-15
142.50000,5.9479144731e-15
142.60000,5.5043919447e-15
142.70000,5.0662978078e-15
142.80000,4.6364585008e-15
142.90000,4.2176369334e-15
143.00000,3.8125130729e-15
143.10000,3.4236633134e-15
143.20000,3.0535388030e-15
143.30000,2.7044432295e-15
143.40000,2.3785108315e-15
143.50000,2.0776855526e-15
143.60000,1.8037022573e-15
143.70000,1.5580707830e-15
143.80000,1.3420633322e-15
143.90000,1.1567053690e-15
144.00000,1.0027698479e-15
144.10000,8.8077431885e-16
144.20000,7.9098029947e-16
144.30000,7.3339428656e-16
144.40000,7.0776990846e-16
144.50000,7.1361095738e-16
144.60000,7.5017533151e-16
144.70000,8.1648019546e-16
144.80000,9.1130886920e-16
144.90000,1.0332200350e-15
145.00000,1.1805597872e-15
145.10000,1.3514768511e-15
145.20000,1.5439410050e-15
145.30000,1.7557644044e-15
145.40000,1.9846252015e-15
145.50000,2.2280926296e-15
145.60000,2.4836526178e-15
145.70000,2.7487330422e-15
145.80000,3.0207278762e-15
145.90000,3.2970197547e-15
146.00000,3.5750007491e-15
146.10000,3.8520914209e-15
146.20000,4.1257584229e-15
146.30000,4.3935310284e-15
146.40000,4.6530169767e-15
146.50000,4.9019179469e-15
146.60000,5.1380448334e-15
146.70000,5.3593328410e-15
146.80000,5.5638562779e-15
146.90000,5.7498428265e-15
147.00000,5.9156870302e-15
147.10000,6.0599627430e-15
147.20000,6.1814343316e-15
147.30000,6.2790664749e-15
147.40000,6.3520324500e-15
147.50000,6.3997208120e-15
147.60000,6.4217403588e-15
147.70000,6.4179232451e-15
147.80000,6.3883260650e-15
147.90000,6.3332287109e-15
148.00000,6.2531308343e-15
148.10000,6.1487458034e-15
148.20000,6.0209921669e-15
148.30000,5.8709827777e-15
148.40000,5.7000118744e-15
148.50000,5.5095405349e-15
148.60000,5.3011809777e-15
148.70000,5.0766801709e-15
148.80000,4.8379031236e-15
148.90000,4.5868160903e-15
149.00000,4.3254697466e-15
149.10000,4.0559822387e-15
149.20000,3.7805218977e-15
149.30000,3.5012893799e-15
149.40000,3.2204990516e-15
149.50000,2.9403595748e-15
149.60000,2.6630538392e-15
149.70000,2.3907185887e-15
149.80000,2.1254242576e-15
149.90000,1.8691556265e-15
150.00000,1.6237939077e-15
150.10000,1.3911007602e-15
150.20000,1.1727045495e-15
150.30000,9.7008892791e-16
150.40000,7.8458357143e-16
150.50000,6.1735672033e-16
150.60000,4.6940906208e-16
150.70000,3.4156849695e-16
150.80000,2.3448543164e-16
150.90000,1.4862843374e-16
151.00000,8.4280309404e-17
151.10000,4.1534890397e-17
151.20000,2.0294988464e-17
151.30000,2.0272060153e-17
151.40000,4.0988107391e-17
151.50000,8.1780222395e-17
151.60000,1.4180799351e-16
151.70000,2.2006375808e-16
151.80000,3.1538546137e-16
151.90000,4.2647169500e-16
152.00000,5.5189837179e-16
152.10000,6.9013645755e-16
152.20000,8.3957021873e-16
152.30000,9.9851554063e-16
152.40000,1.1652379950e-15
152.50000,1.3379704619e-15
152.60000,1.5149302132e-15
152.70000,1.6943354311e-15
152.80000,1.8744211604e-15
152.90000,2.0534546828e-15
153.00000,2.2297502730e-15
153.10000,2.4016832586e-15
153.20000,2.5677032770e-15
153.30000,2.7263466073e-15
153.40000,2.8762474558e-15
153.50000,3.0161480845e-15
153.60000,3.1449076908e-15
153.70000,3.2615099579e-15
153.80000,3.3650692098e-15
153.90000,3.4548351102e-15
154.00000,3.5301958566e-15
154.10000,3.5906798443e-15
154.20000,3.6359558161e-15
154.30000,3.6658315717e-15
154.40000,3.6802513869e-15
154.50000,3.6792923635e-15
154.60000,3.6631599867e-15
154.70000,3.6321831854e-15
154.80000,3.5868091539e-15
154.90000,3.5275981025e-15
155.00000,3.4552179649e-15
155.10000,3.3704389204e-15
155.20000,3.2741274306e-15
155.30000,3.1672393669e-15
155.40000,3.0508117677e-15
155.50000,2.9259528125e-15
155.60000,2.7938297585e-15
155.70000,2.6556548225e-15
155.80000,2.5126692700e-15
155.90000,2.3661262549e-15
156.00000,2.2172731702e-15
156.10000,2.0673343873e-15
156.20000,1.9174952471e-15
156.30000,1.7688880182e-15
156.40000,1.6225802818e-15
156.50000,1.4795658838e-15
156.60000,1.3407582740e-15
156.70000,1.2069857898e-15
156.80000,1.0789882898e-15
156.90000,9.5741452226e-16
157.00000,8.4281973205e-16
157.10000,7.3566322960e-16
157.20000,6.3630592127e-16
157.30000,5.4500806736e-16
157.40000,4.6192773356e-16
157.50000,3.8712049033e-16
157.60000,3.2054087364e-16
157.70000,2.6204596000e-16
157.80000,2.1140116590e-16
157.90000,1.6828810940e-16
158.00000,1.3231413008e-16
158.10000,1.0302290318e-16
158.20000,7.9905535203e-17
158.30000,6.2411597188e-17
158.40000,4.9959715600e-17
158.50000,4.1947556012e-17
158.60000,3.7761248486e-17
158.70000,3.6784464277e-17
158.80000,3.8407425032e-17
158.90000,4.2036094867e-17
159.00000,4.7101684957e-17
159.10000,5.3070424654e-17
159.20000,5.9453370406e-17
159.30000,6.5815883111e-17
159.40000,7.1786343294e-17
159.50000,7.7063708276e-17
159.60000,8.1423637486e-17
159.70000,8.4723089166e-17
159.80000,8.6903477051e-17
159.90000,8.7992618686e-17
160.00000,8.8105767871e-17
160.10000,8.7445982847e-17
160.20000,8.6303946627e-17
160.30000,8.5057159726e-17
160.40000,8.4168220323e-17
160.50000,8.4181750712e-17
160.60000,8.5719471587e-17
160.70000,8.9472995511e-17
160.80000,9.6194106580e-17
160.90000,1.0668258205e-16
161.00000,1.2177193586e-16
161.10000,1.4231375354e-16
161.20000,1.6916147568e-16
161.30000,2.0315452688e-16
161.40000,2.4510356265e-16
161.50000,2.9577733986e-16
161.60000,3.5589136230e-16
161.70000,4.2609808750e-16
161.80000,5.0697818733e-16
161.90000,5.9903220033e-16
162.00000,7.0267193764e-16
162.10000,8.1821120504e-16
162.20000,9.4585573916e-16
162.30000,1.0856926529e-15
162.40000,1.2376800518e-15
162.50000,1.4016377335e-15
162.60000,1.5772399542e-15
162.70000,1.7640111130e-15
162.80000,1.9613248900e-15
162.90000,2.1684069388e-15
163.00000,2.3843407720e-15
163.10000,2.6080760820e-15
163.20000,2.8384385086e-15
163.30000,3.0741398393e-15
163.40000,3.3137878211e-15
163.50000,3.5558951400e-15
163.60000,3.7988875908e-15
163.70000,4.0411119280e-15
163.80000,4.2808442439e-15
163.90000,4.5162998860e-15
164.00000,4.7456458649e-15
164.10000,4.9670164136e-15
164.20000,5.1785319127e-15
164.30000,5.3783208698e-15
164.40000,5.5645441549e-15
164.50000,5.7354203388e-15
164.60000,5.8892508316e-15
164.70000,6.0244436042e-15
164.80000,6.1395345641e-15
164.90000,6.2332060911e-15
165.00000,6.3043027173e-15
165.10000,6.3518443623e-15
165.20000,6.3750378172e-15
165.30000,6.3732872594e-15
165.40000,6.3462044671e-15
165.50000,6.2936191181e-15
165.60000,6.2155891760e-15
165.70000,6.1124109778e-15
165.80000,5.9846283233e-15
165.90000,5.8330396935e-15
166.00000,5.6587027288e-15
166.10000,5.4629352586e-15
166.20000,5.2473124552e-15
166.30000,5.0136600131e-15
166.40000,4.7640435614e-15
166.50000,4.5007547294e-15
166.60000,4.2262943817e-15
166.70000,3.9433535010e-15
166.80000,3.6547920687e-15
166.90000,3.3636161114e-15
167.00000,3.0729529238e-15
167.10000,2.7860243798e-15
167.20000,2.5061182576e-15
167.30000,2.2365576099e-15
167.40000,1.9806684015e-15
167.50000,1.7417458523e-15
167.60000,1.5230201057e-15
167.70000,1.3276219492e-15
167.80000,1.1585492957e-15
167.90000,1.0186350129e-15
168.00000,9.1051646312e-16
168.10000,8.3660686823e-16
168.20000,7.9906838578e-16
168.30000,7.9978664253e-16
168.40000,8.4034645991e-16
168.50000,9.2200862620e-16
168.60000,1.0456878036e-15
168.70000,1.2119319469e-15
168.80000,1.4209038876e-15
168.90000,1.6723659290e-15
169.00000,1.9656683559e-15
169.10000,2.2997426551e-15
169.20000,2.6730999950e-15
169.30000,3.0838351573e-15
169.40000,3.5296357359e-15
169.50000,4.0077960828e-15
169.60000,4.5152352694e-15
169.70000,5.0485182728e-15
169.80000,5.6038797059e-15
169.90000,6.1772496497e-15
170.00000,6.7642814572e-15
170.10000,7.3603817006e-15
170.20000,7.9607426591e-15
170.30000,8.5603778275e-15
170.40000,9.1541608603e-15
170.50000,9.7368681508e-15
170.60000,1.0303224939e-14
170.70000,1.0847954508e-14
170.80000,1.1365829755e-14
170.90000,1.1851726226e-14
171.00000,1.2300675684e-14
171.10000,1.2707919372e-14
171.20000,1.3068960328e-14
171.30000,1.3379614357e-14
171.40000,1.3636059476e-14
171.50000,1.3834883797e-14
171.60000,1.3973131816e-14
171.70000,1.4048348998e-14
171.80000,1.4058624336e-14
171.90000,1.4002630380e-14
172.00000,1.3879659991e-14
172.10000,1.3689659013e-14
172.20000,1.3433254032e-14
172.30000,1.3111774541e-14
172.40000,1.2727269044e-14
172.50000,1.2282514924e-14
172.60000,1.1781022092e-14
172.70000,1.1227030665e-14
172.80000,1.0625502924e-14
172.90000,9.9821097620e-15
173.00000,9.3032117108e-15
173.10000,8.5958344289e-15
173.20000,7.8676384506e-15
173.30000,7.1268829441e-15
173.40000,6.3823833437e-15
173.50000,5.6434629444e-15
173.60000,4.9198988511e-15
173.70000,4.2218629837e-15
173.80000,3.5598590602e-15
173.90000,2.9446565495e-15
174.00000,2.3872224559e-15
174.10000,1.8986514867e-15
174.20000,1.4900947185e-15
174.30000,1.1726864275e-15
174.40000,9.5746840917e-16
174.50000,8.5531098899e-16
174.60000,8.7683010815e-16
174.70000,1.0323003476e-15
174.80000,1.3315644794e-15
174.90000,1.7839409647e-15
175.00000,2.3981315827e-15
175.10000,3.1821318911e-15
175.20000,4.1431473402e-15
175.30000,5.2875175250e-15
175.40000,6.6206502789e-15
175.50000,8.1469662228e-15
175.60000,9.8698531883e-15
175.70000,1.1791628875e-14
175.80000,1.3913509427e-14
175.90000,1.6235581464e-14
176.00000,1.8756775582e-14
176.10000,2.1474840352e-14
176.20000,2.4386317161e-14
176.30000,2.7486517722e-14
176.40000,3.0769507208e-14
176.50000,3.4228096668e-14
176.60000,3.7853848299e-14
176.70000,4.1637096403e-14
176.80000,4.5566985408e-14
176.90000,4.9631524570e-14
177.00000,5.3817657144e-14
177.10000,5.8111340375e-14
177.20000,6.2497631843e-14
177.30000,6.6960777759e-14
177.40000,7.1484299696e-14
177.50000,7.6051077829e-14
177.60000,8.0643430687e-14
177.70000,8.5243193318e-14
177.80000,8.9831797135e-14
177.90000,9.4390355357e-14
178.00000,9.8899757541e-14
178.10000,1.0334077544e-13
178.20000,1.0769418041e-13
178.30000,1.1194087030e-13
178.40000,1.1606200175e-13
178.50000,1.2003912224e-13
178.60000,1.2385429599e-13
178.70000,1.2749021846e-13
178.80000,1.3093031575e-13
178.90000,1.3415882807e-13
179.00000,1.3716087870e-13
179.10000,1.3992253272e-13
179.20000,1.4243085092e-13
179.30000,1.4467394501e-13
179.40000,1.4664103917e-13
179.50000,1.4832254092e-13
179.60000,1.4971012139e-13
179.70000,1.5079680182e-13
179.80000,1.5157704068e-13
179.90000,1.5204681352e-13
180.00000,1.5220367751e-13
